20.0688
20.712
17.9732
18.4396
17.282
17.3228
16.858
16.5588
16.2736
16.1232
15.8084
15.5304
15.2484
15.0564
14.924
14.6972
14.5492
14.3932
14.382
14.2708
14.0308
13.8784
13.72
13.5468
13.5028
13.2916
13.1336
13.0144
12.9712
12.8848
12.8852
12.6916
12.6864
12.522
12.4716
12.4944
12.4532
12.288
12.1412
12.1212
11.9752
12.0316
11.826
11.7164
11.5816
11.46
11.284
11.282
11.1488
11.0112
11.0856
11.0032
10.9684
11.0112
10.9572
10.8844
10.7656
10.7724
10.6856
10.5876
10.5812
10.5028
10.478
10.4532
10.2908
10.282
10.2304
10.0368
10.0008
9.9216
9.8688
9.9256
9.9036
9.9232
9.8628
9.9288
9.7876
9.8044
9.7008
9.6644
9.526
9.5056
9.4448
9.37
9.3272
9.3476
9.278
9.3156
9.2508
9.1932
9.1784
9.0776
9.022
9.0148
8.9252
8.8636
8.85
8.7836
8.8472
8.7648
8.764
8.6924
8.692
8.6816
8.7124
8.6464
8.5876
8.5812
8.486
8.5084
8.4476
8.4144
8.3912
8.38
8.3368
8.3472
8.1368
8.1172
8.1544
8.168
8.1032
8.0756
8.0604
8.0116
8.0096
7.9972
8.0684
8.018
7.9856
7.996
8.0292
7.9836
8.0116
7.9904
7.9912
7.8668
7.9548
7.9836
8.0516
8.1108
8.1144
8.1104
8.0916
8.072
8.1028
8.0836
8.0584
7.9732
8.0432
8.0664
7.9908
7.996
7.9764
7.9212
7.9228
7.8852
7.9176
7.9504
7.9228
7.938
7.9508
7.9468
7.9556
8
7.9836
7.99
7.9548
7.9612
8.002
7.9052
7.902
7.8956
7.7672
7.756
7.7752
7.7372
7.7344
7.6588
7.6412
7.674
7.596
7.564
7.422
7.3852
7.3552
7.3236
7.3192
7.3452
7.2988
7.288
7.3508
7.3304
7.4124
7.3464
7.3592
7.336
7.3636
7.3052
7.3228
7.3064
7.2248
7.23
7.2248
7.2476
7.2076
7.22
7.134
7.132
7.0528
7.1672
7.0568
7.0612
7.0788
7.0904
7.1136
7.0544
7.0812
7.0084
7.0604
6.9304
6.95
6.9324
6.9408
7.0028
6.9904
6.9844
6.9804
6.9516
6.9616
6.89
6.9152
6.878
6.8356
6.8756
6.8368
6.8488
6.8724
6.7964
6.7864
6.7396
6.7192
6.8024
6.7132
6.7752
6.6572
6.7
6.5808
6.6236
6.594
6.6028
6.608
6.6072
6.662
6.6132
6.546
6.5384
6.5224
6.4956
6.522
6.472
6.5044
6.4408
6.4728
6.4384
6.436
6.4028
6.4068
6.3948
6.3928
6.3728
6.3516
6.3568
6.2828
6.3232
6.2776
6.2972
6.322
6.314
6.3528
6.2696
6.2916
6.2756
6.302
6.2896
6.3668
6.338
6.3552
6.3632
6.3244
6.32
6.2348
6.2376
6.2512
6.1796
6.168
6.1712
6.2384
6.1736
6.1924
6.1492
6.1436
6.132
6.2616
6.2648
6.3124
6.2296
6.306
6.2044
6.2632
6.238
6.3
6.2256
6.2904
6.294
6.284
6.3908
6.3436
6.3824
6.2604
6.2804
6.2252
6.1972
6.21
6.2444
6.276
6.2776
6.318
6.2536
6.2832
6.2324
6.2792
6.3148
6.3176
6.3828
6.3184
6.3376
6.3624
6.4468
6.4108
6.4
6.4112
6.318
6.3172
6.3392
6.384
6.3276
6.2848
6.282
6.3112
6.2364
6.286
6.2336
6.3148
6.2124
6.1992
6.1908
6.1764
6.1408
6.1456
6.122
6.0772
5.9944
5.9532
5.9576
5.9732
5.9612
5.92
6.0424
5.9692
5.984
5.9464
5.9584
5.9692
5.954
5.9232
5.9616
5.8676
5.888
5.824
5.8768
5.8272
5.8544
5.872
5.8668
5.9052
5.9212
5.9232
5.924
5.8964
5.8956
5.9152
5.9332
5.8988
5.9036
5.9672
5.9096
5.9568
5.8744
5.8724
5.852
5.8416
5.8108
5.8552
5.9008
5.862
5.9164
5.8804
5.8652
5.8428
5.784
5.8004
5.7348
5.6892
5.688
5.6344
5.6496
5.6584
5.6144
5.5888
5.54
5.5036
5.4816
5.5268
5.5172
5.4952
5.514
5.492
5.4392
5.4588
5.472
5.4632
5.4148
5.4336
5.3928
5.4232
5.4276
5.392
5.3528
5.33
5.3156
5.3584
5.404
5.426
5.4348
5.368
5.4244
5.438
5.4604
5.4784
5.476
5.446
5.4644
5.4664
5.5052
5.504
5.5388
5.532
5.484
5.4352
5.4628
5.4632
5.3948
5.3996
5.3752
5.2904
5.3212
5.2368
5.234
5.2224
5.2172
5.278
5.2744
5.2216
5.2312
5.238
5.2544
5.2516
5.2908
5.3164
5.32
5.3172
5.3172
5.3012
5.2344
5.2492
5.2328
5.206
5.2216
5.1856
5.1452
5.158
5.1324
5.1968
5.1092
5.1604
5.088
5.1072
5.0616
5.0664
5.0372
5.0816
5.0364
5.0448
5.004
5.0684
5.0076
5.0172
4.992
4.9596
5.0092
4.9556
4.9688
4.8996
4.9196
4.8996
4.926
4.9752
4.9424
4.9672
4.988
4.9884
4.9384
4.9624
4.9424
4.9304
4.9416
4.946
4.956
4.932
4.9528
4.9364
4.9328
4.9356
4.954
5.0116
5.0112
5.0448
5.0068
4.9984
4.9492
4.9692
4.9876
4.9816
4.974
4.9784
4.982
5.0204
5.05
5.0976
5.0404
5.05
5.0424
5.0696
5.0532
5.1016
5.0192
5.0268
5.0176
4.9832
5.004
4.9952
4.9348
4.9736
4.9232
4.9316
4.8864
4.9052
4.9096
4.92
4.9212
4.9648
4.9672
5.052
5.0276
5.054
5.07
5.0712
5.082
5.0848
5.0776
5.0824
5.1292
5.0748
5.1108
5.058
5.1116
5.136
5.1724
5.1304
5.1676
5.1076
5.0992
5.1212
5.1256
5.1084
5.0944
5.0512
5.0744
5.0148
5.0272
5.0264
5.0064
5.0016
4.9812
5.022
4.988
4.9244
4.928
4.932
4.9824
4.916
4.9324
4.8984
4.8968
4.8748
4.8808
4.8536
4.9088
4.884
4.8244
4.8112
4.8168
4.8124
4.824
4.848
4.8136
4.846
4.8088
4.8136
4.7548
4.7208
4.6468
4.6552
4.5812
4.6112
4.6008
4.6136
4.5792
4.5996
4.612
4.6344
4.6336
4.6024
4.6012
4.5932
4.5976
4.6176
4.5856
4.6392
4.648
4.7092
4.6836
4.7604
4.75
4.7592
4.7072
4.76
4.7244
4.7548
4.6996
4.6884
4.6852
4.71
4.694
4.7176
4.7204
4.7404
4.7088
4.7268
4.714
4.7356
4.7424
4.7316
4.7324
4.7272
4.722
4.7596
4.7404
4.7532
4.7492
4.68
4.7332
4.6916
4.7208
4.7404
4.7768
4.7976
4.8004
4.8036
4.7856
4.7552
4.7232
4.768
4.7528
4.7776
4.7472
4.848
4.7656
4.814
4.8128
4.7552
4.786
4.7128
4.7332
4.7608
4.8088
4.7644
4.8064
4.7516
4.7416
4.7332
4.7156
4.7544
4.6996
4.71
4.6952
4.7032
4.6956
4.6856
4.658
4.6436
4.642
4.642
4.6428
4.6464
4.684
4.6176
4.6288
4.6076
4.632
4.5788
4.5872
4.5372
4.5424
4.5156
4.5856
4.5792
4.5972
