8.9728
3.7324
4.1152
3.1644
3.208
2.95
2.9156
2.7876
2.7848
2.7288
2.6412
2.6692
2.594
2.5676
2.4488
2.4564
2.3436
2.3972
2.3984
2.318
2.2508
2.2872
2.1856
2.2296
2.1404
2.0928
2.12
2.066
2.1104
2.0432
2.0044
2.0496
1.9664
2.0044
1.94
1.948
1.9684
1.9524
1.9376
1.8884
1.914
1.8044
1.8608
1.8284
1.8356
1.8024
1.7692
1.7068
1.754
1.7416
1.6564
1.674
1.696
1.6548
1.6368
1.6336
1.6432
1.6064
1.66
1.5932
1.5748
1.5692
1.5804
1.5856
1.5908
1.5472
1.502
1.4876
1.4748
1.45
1.4192
1.4548
1.4796
1.4344
1.4512
1.4368
1.43
1.406
1.4004
1.404
1.3848
1.348
1.372
1.3832
1.3476
1.3308
1.3512
1.3324
1.3292
1.3116
1.3064
1.292
1.2996
1.2292
1.2936
1.3052
1.2724
1.2776
1.2032
1.2408
1.1916
1.1748
1.2056
1.2124
1.1712
1.176
1.2248
1.2048
1.2084
1.1636
1.1924
1.1272
1.1808
1.1736
1.1372
1.0872
1.1192
1.1328
1.0768
1.0848
1.0884
1.0928
1.0812
1.0864
1.092
1.0552
1.0336
1.068
1.0448
1.034
1.0332
1.0476
1.0432
1.0316
1.022
1.0652
1.0104
1.036
1.0608
1.0552
1.078
1.0712
1.07
1.038
1.0384
1.0644
1.0464
1.0804
1.0676
1.066
1.0376
1.0144
1.038
1.0624
1.0076
1.044
1.0408
1.0784
1.0376
0.9908
1.0096
1.0416
1.0392
1.0596
1.0444
1.0372
1.0584
1.0684
1.038
1.074
1.062
1.0156
1.0796
1.0352
1.0188
1.0236
1.0204
1.0204
0.994
0.9796
1.0012
0.9904
0.9936
0.9428
0.9732
0.902
0.9508
0.9056
0.9548
0.9036
0.9076
0.9104
0.9112
0.9412
0.9444
0.9228
0.9484
0.9352
0.9356
0.91
0.9164
0.9096
0.9192
0.8828
0.9064
0.902
0.9372
0.8844
0.896
0.8964
0.8948
0.8736
0.8636
0.8912
0.8728
0.8684
0.86
0.888
0.9112
0.8744
0.8652
0.84
0.8472
0.8428
0.876
0.862
0.8616
0.8436
0.8628
0.868
0.8808
0.8728
0.8664
0.8244
0.8336
0.8584
0.8308
0.8376
0.8316
0.8164
0.86
0.83
0.8252
0.7992
0.8456
0.7824
0.84
0.8032
0.7852
0.8124
0.7796
0.8092
0.804
0.7884
0.7988
0.806
0.8064
0.7812
0.7368
0.7792
0.7608
0.7828
0.7608
0.7636
0.7604
0.7608
0.77
0.768
0.7388
0.738
0.7224
0.738
0.736
0.748
0.738
0.7188
0.7188
0.7252
0.736
0.7444
0.7288
0.7204
0.718
0.7244
0.6892
0.7112
0.7068
0.7364
0.7472
0.7508
0.7176
0.7328
0.7128
0.7264
0.7016
0.7124
0.6984
0.7408
0.7076
0.7176
0.7168
0.7116
0.6952
0.7244
0.7032
0.7276
0.726
0.7472
0.706
0.7256
0.7088
0.7496
0.7012
0.7304
0.7228
0.7212
0.748
0.7496
0.732
0.7196
0.728
0.7156
0.702
0.7176
0.7404
0.7316
0.7084
0.7472
0.726
0.72
0.75
0.7256
0.742
0.7472
0.7636
0.7612
0.7296
0.7408
0.7368
0.7544
0.7696
0.7912
0.7604
0.7492
0.7356
0.7668
0.7724
0.7692
0.732
0.748
0.7052
0.7332
0.7268
0.7296
0.732
0.7392
0.7428
0.7148
0.718
0.7152
0.7048
0.7236
0.702
0.7196
0.66
0.6972
0.7112
0.648
0.6912
0.6628
0.7056
0.6528
0.652
0.6568
0.706
0.664
0.6908
0.6296
0.6624
0.6616
0.6656
0.6464
0.6392
0.6476
0.6348
0.6396
0.6604
0.6536
0.6504
0.6652
0.6548
0.6284
0.6436
0.6272
0.6348
0.6524
0.644
0.6436
0.6684
0.626
0.6352
0.6448
0.6468
0.6332
0.6428
0.6168
0.6328
0.6752
0.6604
0.6476
0.6372
0.6228
0.6184
0.59
0.6112
0.6112
0.5908
0.588
0.5744
0.5844
0.5768
0.5816
0.5828
0.5492
0.572
0.5708
0.556
0.5984
0.5632
0.5552
0.5508
0.5564
0.5452
0.5552
0.5616
0.5604
0.5572
0.5456
0.5232
0.5348
0.5364
0.5208
0.5112
0.5392
0.5408
0.546
0.5392
0.55
0.5492
0.55
0.5584
0.5292
0.5412
0.5464
0.5608
0.5588
0.5488
0.576
0.5736
0.544
0.5608
0.5264
0.5688
0.5508
0.5544
0.504
0.5336
0.498
0.4948
0.51
0.4932
0.5004
0.532
0.5272
0.4944
0.5044
0.5252
0.52
0.5152
0.4992
0.518
0.5156
0.5204
0.5476
0.5128
0.5324
0.512
0.512
0.5244
0.512
0.522
0.5332
0.4984
0.5108
0.5048
0.5228
0.51
0.5188
0.4784
0.5076
0.4932
0.4704
0.4728
0.476
0.458
0.4896
0.4828
0.492
0.4636
0.4708
0.4748
0.4532
0.472
0.4632
0.4536
0.4524
0.4436
0.4672
0.4516
0.4616
0.47
0.4864
0.448
0.4928
0.47
0.446
0.484
0.4556
0.468
0.4628
0.47
0.4612
0.4652
0.4552
0.436
0.484
0.4516
0.4956
0.4736
0.4748
0.4524
0.4532
0.464
0.454
0.476
0.4924
0.4808
0.4744
0.4664
0.5032
0.4944
0.484
0.4664
0.4996
0.4512
0.4848
0.4576
0.4748
0.46
0.4612
0.4628
0.4548
0.442
0.4504
0.4524
0.4752
0.452
0.4236
0.4484
0.4484
0.452
0.4636
0.436
0.4716
0.444
0.4868
0.4472
0.4632
0.4916
0.4728
0.4856
0.482
0.476
0.4844
0.4988
0.47
0.4844
0.4688
0.464
0.4848
0.4964
0.4888
0.4492
0.4768
0.48
0.4896
0.462
0.4812
0.4672
0.4676
0.4788
0.4704
0.4484
0.4468
0.4472
0.478
0.4656
0.4312
0.4596
0.4416
0.4684
0.4468
0.4524
0.4464
0.4312
0.4352
0.4408
0.4396
0.46
0.4496
0.4432
0.4296
0.4124
0.42
0.4184
0.4304
0.4192
0.4256
0.4052
0.41
0.4184
0.4108
0.4028
0.4052
0.3932
0.3992
0.3904
0.3872
0.3712
0.3772
0.3892
0.3812
0.404
0.3888
0.3972
0.3844
0.3708
0.4
0.3772
0.4048
0.386
0.4152
0.3904
0.4112
0.3972
0.4184
0.3928
0.4004
0.3944
0.4272
0.4168
0.4216
0.42
0.4164
0.3852
0.4188
0.4084
0.4256
0.4008
0.412
0.4172
0.4032
0.4332
0.3948
0.4072
0.4192
0.4232
0.4236
0.4292
0.4364
0.436
0.4032
0.4104
0.4072
0.3792
0.396
0.4016
0.4164
0.402
0.4108
0.4028
0.4152
0.3884
0.3996
0.3788
0.4124
0.382
0.3896
0.3972
0.4016
0.4124
0.3812
0.4216
0.414
0.3896
0.3916
0.4132
0.4248
0.3968
0.3972
0.388
0.4116
0.4004
0.3976
0.3836
0.4164
0.4108
0.3912
0.3984
0.3952
0.394
0.3996
0.3872
0.3864
0.37
0.38
0.396
0.3936
0.3924
0.3768
0.3688
0.3808
0.3864
0.3616
0.3756
0.3652
0.3756
0.3792
