4.9588
9.8684
6.3492
7.818
6.5508
6.944
6.6288
6.546
6.3092
6.3944
6.1768
6.0884
5.9224
5.8548
5.8452
5.7056
5.6396
5.5272
5.4888
5.5016
5.366
5.2512
5.302
5.144
5.2152
5.0844
4.9524
4.9096
4.8592
4.7992
4.9368
4.6872
4.8348
4.6744
4.6568
4.6612
4.7044
4.6196
4.4968
4.5424
4.38
4.5868
4.372
4.2876
4.276
4.2144
4.1444
4.2128
4.1016
3.9192
4.0748
3.9812
4.016
4.1088
4.0208
4.0632
3.9012
3.9816
3.8808
3.8832
3.8812
3.8388
3.8104
3.8336
3.6608
3.702
3.7476
3.5904
3.5888
3.528
3.5184
3.5932
3.5348
3.6152
3.4764
3.6248
3.4924
3.5836
3.4876
3.5092
3.392
3.4012
3.3796
3.3136
3.3104
3.3132
3.2052
3.2936
3.2668
3.2148
3.2608
3.1656
3.1564
3.2288
3.1244
3.0396
3.0964
2.984
3.1384
2.9772
3.0884
3.0244
3.0132
3.0164
3.0852
3.0884
3.004
3.008
2.9464
2.9936
2.9264
2.9336
2.9024
2.8852
2.8772
2.9728
2.73
2.7312
2.816
2.8652
2.7756
2.786
2.8296
2.736
2.7412
2.716
2.7952
2.7676
2.7264
2.7336
2.8184
2.7732
2.7956
2.7852
2.8236
2.6188
2.7728
2.7336
2.7488
2.8208
2.8172
2.8536
2.8204
2.788
2.834
2.7976
2.8428
2.6712
2.7424
2.7884
2.7504
2.7844
2.772
2.7392
2.7832
2.6908
2.6956
2.728
2.734
2.7928
2.8004
2.7396
2.7812
2.7428
2.74
2.7868
2.7736
2.7508
2.8352
2.7064
2.7036
2.7656
2.6232
2.584
2.6488
2.6244
2.6628
2.6052
2.584
2.6452
2.628
2.6208
2.5252
2.5012
2.4844
2.4788
2.4736
2.5364
2.4708
2.4472
2.4736
2.4616
2.6088
2.466
2.5044
2.4912
2.5356
2.4748
2.4864
2.4796
2.412
2.4216
2.4216
2.4784
2.4136
2.5408
2.3848
2.4572
2.3348
2.52
2.35
2.3568
2.38
2.366
2.4148
2.3716
2.444
2.3352
2.4336
2.3104
2.3808
2.3476
2.342
2.3988
2.3732
2.362
2.394
2.326
2.4224
2.318
2.3748
2.32
2.2792
2.3288
2.2812
2.2492
2.3464
2.2836
2.328
2.3076
2.222
2.3608
2.2376
2.3596
2.1944
2.3308
2.1492
2.214
2.1828
2.18
2.208
2.2076
2.2564
2.2768
2.1916
2.1916
2.1612
2.1016
2.2016
2.1164
2.1976
2.0876
2.1736
2.1196
2.1476
2.128
2.1264
2.1136
2.1452
2.1308
2.1292
2.1588
2.0564
2.0944
2.0996
2.0764
2.1216
2.1172
2.1708
2.062
2.1152
2.068
2.1084
2.0536
2.1676
2.1176
2.15
2.1492
2.1364
2.1624
2.0828
2.0776
2.1076
2.058
2.0728
2.016
2.138
2.0816
2.1252
2.0756
2.048
2.0028
2.1216
2.0832
2.2044
2.034
2.1416
2.0368
2.1076
2.0568
2.1392
2.016
2.11
2.1252
2.0544
2.2136
2.0904
2.2048
2.08
2.1476
2.0396
2.0548
2.0876
2.0812
2.0884
2.0592
2.13
2.0648
2.142
2.0732
2.0792
2.1752
2.112
2.2008
2.0988
2.1176
2.1092
2.21
2.186
2.1616
2.2128
2.1172
2.0788
2.0748
2.1408
2.096
2.1224
2.0708
2.1732
2.0588
2.1844
2.0516
2.1804
2.0432
2.0932
2.0776
2.0788
2.0556
2.0968
2.0752
2.066
1.9872
1.9684
1.9496
2.0076
1.9844
1.8584
2.0764
1.9688
2.0136
1.9448
2.0048
2.0072
1.9924
1.9692
2.04
1.914
1.9824
1.87
1.9712
1.888
1.9028
1.9492
1.9136
1.9716
1.972
1.9816
1.9992
1.9592
1.9528
1.9512
1.9996
1.9492
1.9632
2.0336
1.9456
2.012
1.9484
1.9408
1.96
1.9364
1.8868
1.9036
1.976
1.9076
2.0112
1.9684
1.9612
1.9632
1.9288
1.9788
1.9184
1.8748
1.9328
1.8336
1.8108
1.8724
1.8224
1.8556
1.8116
1.8044
1.7716
1.7924
1.8
1.7616
1.7956
1.8396
1.7308
1.772
1.7736
1.7736
1.7116
1.744
1.6844
1.7208
1.7384
1.7028
1.6532
1.682
1.568
1.6
1.6656
1.7044
1.7308
1.6332
1.676
1.7164
1.7188
1.73
1.7492
1.7208
1.7484
1.7332
1.7512
1.7148
1.7648
1.8032
1.7416
1.7184
1.7128
1.7716
1.6996
1.71
1.75
1.6452
1.7328
1.6192
1.6436
1.6368
1.5916
1.642
1.6796
1.5948
1.5892
1.6512
1.6284
1.5984
1.6368
1.6584
1.6708
1.6632
1.668
1.7176
1.6256
1.646
1.626
1.5996
1.6476
1.5984
1.5876
1.616
1.5636
1.6636
1.556
1.65
1.5676
1.596
1.544
1.5888
1.536
1.598
1.5768
1.5972
1.512
1.626
1.5136
1.5376
1.534
1.506
1.574
1.5172
1.5796
1.4876
1.4984
1.4688
1.4764
1.5396
1.5096
1.5468
1.5316
1.56
1.5096
1.5464
1.4892
1.4776
1.5
1.4692
1.5132
1.4844
1.51
1.5104
1.4992
1.4732
1.474
1.552
1.506
1.5704
1.53
1.5436
1.4696
1.524
1.5368
1.5132
1.5188
1.5236
1.508
1.5384
1.55
1.6184
1.5328
1.5428
1.544
1.6076
1.522
1.6268
1.5252
1.5852
1.5588
1.5112
1.5484
1.554
1.4736
1.5288
1.4676
1.5016
1.4348
1.4928
1.488
1.4976
1.474
1.4908
1.486
1.5696
1.508
1.5584
1.5376
1.5792
1.5828
1.5556
1.5936
1.5536
1.594
1.5576
1.5928
1.5244
1.5668
1.5544
1.634
1.5772
1.6072
1.5608
1.534
1.56
1.5584
1.548
1.5784
1.5456
1.574
1.54
1.5484
1.522
1.4876
1.5032
1.4872
1.56
1.5492
1.4556
1.4644
1.4412
1.5116
1.4724
1.492
1.446
1.4748
1.454
1.4588
1.3836
1.464
1.4616
1.4108
1.4108
1.404
1.4428
1.4412
1.4816
1.4204
1.4676
1.4256
1.4728
1.426
1.4248
1.3616
1.4036
1.3
1.3576
1.3108
1.3184
1.2884
1.3128
1.3224
1.3396
1.3792
1.3336
1.3088
1.3164
1.3104
1.3408
1.2808
1.3436
1.3196
1.3832
1.3212
1.4072
1.368
1.4264
1.3248
1.4196
1.3644
1.4236
1.3332
1.366
1.3292
1.3884
1.3448
1.3736
1.3488
1.3844
1.3504
1.4028
1.372
1.3796
1.3884
1.3796
1.4008
1.4244
1.3792
1.3792
1.3808
1.3796
1.4
1.2892
1.4012
1.3556
1.358
1.3564
1.3656
1.404
1.4268
1.434
1.4244
1.428
1.3392
1.4112
1.3664
1.4272
1.3148
1.4728
1.3664
1.42
1.444
1.3736
1.448
1.33
1.3504
1.3608
1.4336
1.3796
1.4276
1.3716
1.3544
1.3536
1.3172
1.3732
1.3236
1.3464
1.3176
1.3428
1.33
1.3392
1.3056
1.3124
1.3024
1.31
1.3224
1.3204
1.3772
1.3004
1.3216
1.2824
1.3508
1.3048
1.3184
1.2688
1.296
1.222
1.3084
1.3032
1.3404
