0.72330196
0.73594154
0.67949041
0.6896
0.66411527
0.66503607
0.65444609
0.64751178
0.64081494
0.63724876
0.62970611
0.62295592
0.61602176
0.61124992
0.60793513
0.60221057
0.59844309
0.59444445
0.59415628
0.59128712
0.58504487
0.58104534
0.57685863
0.57224573
0.57106799
0.56538143
0.56109082
0.55783297
0.55664781
0.55427034
0.55428136
0.54891923
0.54877453
0.54418174
0.54276662
0.54340721
0.54224916
0.53758306
0.53340604
0.53283472
0.52864758
0.53026852
0.52433852
0.52115355
0.51721328
0.5136369
0.50842327
0.50836377
0.50438797
0.50025369
0.50249253
0.50001247
0.49896207
0.50025369
0.49862363
0.49641924
0.49280501
0.49301245
0.49035926
0.48735002
0.48715299
0.4847343
0.48396724
0.48319924
0.47814653
0.47787157
0.47625684
0.47016104
0.46902095
0.46650543
0.4648228
0.46663272
0.46593232
0.46655635
0.46463131
0.46673454
0.46222628
0.46276438
0.45943878
0.45826614
0.45378748
0.45312463
0.45114493
0.44870082
0.44729804
0.44796704
0.44568165
0.44691731
0.44478625
0.44288592
0.44239671
0.43905471
0.43720372
0.43696363
0.43396815
0.4319005
0.4314431
0.42920512
0.43134888
0.42857004
0.428543
0.42611832
0.42610475
0.42575178
0.42679654
0.42455566
0.42255254
0.42233413
0.41907636
0.4198444
0.41775755
0.41661511
0.41581555
0.4154292
0.41393677
0.41429638
0.40698118
0.4062954
0.40759634
0.40807129
0.40580511
0.40483742
0.40430385
0.40258779
0.40251736
0.40208052
0.40458473
0.40281311
0.40167159
0.40203823
0.40320724
0.40160106
0.40258779
0.40184084
0.40186904
0.39746833
0.40058453
0.40160106
0.40399474
0.40607131
0.40619737
0.40605731
0.40539858
0.40471109
0.40579109
0.40511806
0.40423362
0.40123417
0.40369954
0.40451453
0.40185494
0.40203823
0.40134708
0.39939652
0.39945314
0.39812117
0.3992691
0.40042909
0.39945314
0.39999081
0.40044322
0.40030188
0.40061279
0.40217919
0.40160106
0.40182674
0.40058453
0.40081057
0.40224966
0.39883001
0.39871665
0.39848987
0.39392274
0.3935228
0.39420826
0.39285089
0.39275076
0.39004118
0.38940871
0.3905869
0.38778151
0.38662697
0.38147809
0.38013686
0.37904135
0.37788535
0.37772422
0.37867576
0.37697663
0.37658048
0.37888052
0.37813429
0.38112848
0.37871964
0.37918753
0.37833922
0.37934828
0.37721126
0.37785606
0.37725525
0.3742573
0.37444877
0.3742573
0.37509639
0.37362355
0.3740805
0.37090449
0.37083044
0.36789096
0.37213248
0.36803975
0.36820338
0.36885746
0.36928818
0.37014875
0.36795048
0.3689466
0.36623704
0.36817363
0.36332093
0.36405497
0.36339587
0.36371053
0.36602813
0.3655653
0.36534122
0.36519179
0.36411486
0.364489
0.36180519
0.36275108
0.36135427
0.3597584
0.36126404
0.35980362
0.36025566
0.36114373
0.35827935
0.35790148
0.35613002
0.35535627
0.35850596
0.35512852
0.357478
0.3529988
0.35462717
0.3500815
0.35171748
0.35058651
0.35092296
0.35112169
0.35109112
0.35318163
0.35132035
0.34874815
0.34845658
0.3478423
0.34681202
0.34782693
0.34590335
0.34715051
0.34470002
0.34593417
0.34460735
0.34451468
0.34323127
0.34338604
0.34292162
0.34284418
0.34206928
0.34124682
0.34144866
0.3385702
0.34014334
0.33836743
0.33913138
0.34009667
0.33978545
0.34129341
0.33805534
0.33891321
0.33828942
0.33931833
0.33883527
0.34183662
0.34071864
0.34138656
0.34169698
0.34019
0.34001888
0.33669593
0.33680542
0.33733695
0.33453349
0.3340781
0.33420376
0.3368367
0.33429799
0.3350356
0.33333935
0.33311912
0.33266269
0.3377431
0.33786802
0.33972319
0.33649255
0.33947408
0.33550596
0.33780556
0.33682106
0.33924044
0.33633605
0.33886645
0.33900672
0.33861699
0.34276673
0.34093618
0.34244135
0.33769625
0.33847663
0.3363204
0.33522379
0.33572534
0.33707124
0.33830503
0.33836743
0.33994108
0.3374307
0.3385858
0.33660207
0.33842983
0.33981658
0.33992552
0.34245685
0.33995664
0.3407031
0.34166594
0.34493161
0.34354077
0.34312291
0.34355624
0.33994108
0.33990996
0.34076526
0.34250334
0.34031443
0.33864818
0.33853901
0.33967649
0.3367585
0.33869495
0.33664901
0.33981658
0.33581933
0.33530218
0.33497286
0.3344079
0.33300898
0.33319778
0.33226895
0.33050188
0.32722258
0.32558433
0.32575949
0.32638014
0.32590277
0.324261
0.32912575
0.32622106
0.32680945
0.32531351
0.32579134
0.32622106
0.32561618
0.32438867
0.32591869
0.32216656
0.3229828
0.32041839
0.3225348
0.32054687
0.32163782
0.3223427
0.32213453
0.32367016
0.32430888
0.32438867
0.32442059
0.32331858
0.32328661
0.32406944
0.32478748
0.32341449
0.32360625
0.3261415
0.32384588
0.32572765
0.32243876
0.32235871
0.32154164
0.32112467
0.31988814
0.32166988
0.3234944
0.3219423
0.32411733
0.32267884
0.32207046
0.3211728
0.31881017
0.31947005
0.31682625
0.31498172
0.31493311
0.31275766
0.31337537
0.3137327
0.31194393
0.31090077
0.30890727
0.30741604
0.30651297
0.30836692
0.30797363
0.30707139
0.30784248
0.30694005
0.3047687
0.30557564
0.30611848
0.30575664
0.30376264
0.30453795
0.3028541
0.30410918
0.30429062
0.30282104
0.30119869
0.30025308
0.29965508
0.30143072
0.3033168
0.30422465
0.30458741
0.30182828
0.30415867
0.30471926
0.30564147
0.3063815
0.30628288
0.30504878
0.305806
0.30588825
0.30748167
0.30743245
0.30885817
0.30857984
0.30661155
0.30460389
0.30574019
0.30575664
0.30293675
0.30313507
0.30212628
0.29860715
0.2998877
0.29637214
0.29625515
0.29577027
0.29555278
0.29809084
0.29794085
0.29573681
0.29613815
0.29642227
0.29710694
0.2969901
0.2986238
0.29968832
0.29983786
0.29972155
0.29972155
0.29905649
0.29627187
0.29688993
0.29620501
0.29508406
0.29573681
0.2942294
0.29253322
0.29307114
0.29199481
0.29469878
0.29101771
0.29317195
0.29012344
0.2909334
0.28900794
0.28921091
0.28797509
0.28985321
0.2879412
0.28829699
0.28656685
0.28929547
0.28671971
0.28712715
0.28605703
0.28467831
0.28678764
0.28450788
0.28507012
0.28211663
0.28297176
0.28211663
0.28324514
0.28534254
0.28394509
0.285002
0.28588699
0.28590399
0.28377445
0.28479758
0.28394509
0.28343301
0.28391097
0.28409863
0.28452492
0.28350131
0.28438854
0.28368911
0.28353546
0.28365497
0.28443969
0.28688951
0.28687253
0.28829699
0.28668575
0.28632899
0.28423508
0.28508715
0.28586998
0.28561482
0.28529147
0.2854787
0.28563184
0.2872629
0.28851714
0.29052856
0.28811065
0.28851714
0.28819536
0.28934619
0.28865257
0.29069727
0.287212
0.28753431
0.28714412
0.28568288
0.28656685
0.28619302
0.28362083
0.28527444
0.28312555
0.28348424
0.28155157
0.28235619
0.28254435
0.28298885
0.28304011
0.2848998
0.285002
0.28860179
0.28756823
0.28868642
0.2893631
0.28941382
0.2898701
0.28998834
0.28968425
0.28988699
0.29186013
0.28956595
0.29108515
0.28885567
0.29111886
0.29214629
0.29367573
0.29191064
0.29347427
0.29095026
0.29059605
0.29152331
0.29170858
0.29098399
0.29039355
0.28856793
0.28954905
0.28702532
0.28755127
0.28751735
0.28666876
0.28646492
0.28559781
0.28733077
0.28588699
0.2831768
0.28333054
0.28350131
0.28564885
0.28281793
0.28351839
0.28206529
0.28199682
0.28105456
0.28131169
0.28014514
0.28251014
0.28144878
0.27889024
0.27832208
0.27856318
0.27837375
0.27887303
0.27990468
0.27842542
0.27981878
0.27821872
0.27842542
0.27588828
0.27441621
0.27119945
0.27156548
0.26833292
0.26964558
0.26919086
0.26975047
0.26824531
0.26913837
0.26968055
0.27065868
0.27062378
0.26926084
0.26920836
0.26885834
0.26905088
0.26992523
0.26852563
0.27086807
0.27125175
0.27391313
0.27280135
0.27613039
0.27568069
0.27607852
0.27382635
0.2761131
0.27457226
0.27588828
0.27349646
0.27300997
0.2728709
0.27394784
0.27325327
0.27427748
0.27439887
0.27526527
0.27389578
0.27467626
0.27412136
0.27505745
0.27535184
0.27488421
0.27491887
0.27469359
0.27446823
0.27609581
0.27526527
0.27581909
0.27564608
0.27264483
0.27495352
0.27314901
0.27441621
0.27526527
0.27683884
0.27773613
0.27785681
0.27799471
0.27721863
0.27590558
0.27452025
0.2764588
0.27580179
0.27687337
0.27555955
0.27990468
0.27635511
0.27844264
0.27839098
0.27590558
0.27723588
0.27406931
0.27495352
0.27614768
0.27821872
0.27630326
0.27811534
0.27574989
0.27531721
0.27495352
0.27419075
0.27587099
0.27349646
0.27394784
0.27330539
0.27365275
0.27332276
0.27288828
0.27168745
0.27105994
0.27099018
0.27099018
0.27102506
0.27118201
0.27281874
0.26992523
0.2704143
0.26948822
0.27055396
0.26822778
0.26859569
0.26640231
0.26663081
0.2654522
0.26852563
0.26824531
0.26903338
