6.1372
7.1112
7.5088
7.4572
7.5232
7.4288
7.3136
7.2252
7.1796
7
6.9904
6.7728
6.732
6.634
6.63
6.5352
6.566
6.4688
6.4948
6.4512
6.414
6.34
6.2324
6.1732
6.1472
6.1144
6.0612
6.0388
6.0016
6.0424
5.944
5.9548
5.8852
5.8432
5.8748
5.8852
5.7804
5.716
5.7068
5.6904
5.6812
5.6404
5.5932
5.6004
5.47
5.4432
5.3704
5.3624
5.2932
5.3504
5.3544
5.348
5.2564
5.2476
5.2996
5.1876
5.2212
5.1844
5.1448
5.1112
5.1252
5.0948
5.0872
5.034
5.0392
5.0328
4.9808
4.9588
4.9372
4.9436
4.9312
4.8776
4.8892
4.8736
4.9352
4.8672
4.8652
4.8148
4.8128
4.7512
4.7492
4.7564
4.6932
4.6732
4.6692
4.7036
4.7216
4.6896
4.6548
4.6668
4.6112
4.62
4.566
4.5568
4.5072
4.5188
4.4812
4.522
4.5056
4.5468
4.484
4.4932
4.4732
4.4528
4.456
4.382
4.3588
4.3684
4.3312
4.3512
4.3288
4.3536
4.308
4.3212
4.3224
4.2872
4.2876
4.2532
4.2616
4.218
4.2392
4.1968
4.1496
4.1892
4.1764
4.226
4.2396
4.1824
4.2144
4.2284
4.1776
4.1628
4.1728
4.1736
4.1456
4.1828
4.1716
4.214
4.242
4.2348
4.2192
4.1856
4.2012
4.246
4.2304
4.2216
4.1692
4.2216
4.2332
4.212
4.2028
4.1972
4.1664
4.1196
4.132
4.1504
4.1812
4.144
4.1512
4.1544
4.1408
4.1656
4.1352
4.1976
4.1992
4.166
4.1228
4.142
4.1288
4.1248
4.1364
4.1144
4.0644
4.1368
4.1076
4.0892
4.0512
4.0332
4.0632
4.0492
3.9668
3.9528
3.9032
3.9412
3.8976
3.9428
3.8948
3.9032
3.8732
3.9372
3.9696
3.9584
3.8924
3.9392
3.9104
3.922
3.8796
3.8952
3.9008
3.9168
3.8964
3.8988
3.884
3.8864
3.8876
3.7772
3.812
3.7904
3.822
3.7508
3.812
3.8308
3.8352
3.8332
3.826
3.8144
3.7772
3.7852
3.7156
3.7456
3.704
3.7448
3.7516
3.7612
3.7412
3.7604
3.7248
3.782
3.6764
3.704
3.6596
3.6852
3.69
3.7224
3.722
3.7412
3.6952
3.6752
3.6268
3.6156
3.6372
3.6116
3.6504
3.6164
3.6172
3.5868
3.5916
3.6064
3.626
3.6104
3.6204
3.5904
3.6016
3.548
3.5556
3.5408
3.5548
3.6128
3.5836
3.5764
3.546
3.5704
3.5384
3.5552
3.528
3.514
3.5104
3.5132
3.5088
3.504
3.5
3.46
3.4904
3.4808
3.44
3.502
3.4816
3.4716
3.446
3.4632
3.4476
3.4872
3.4756
3.5116
3.51
3.5092
3.4984
3.4776
3.4408
3.4068
3.4344
3.4272
3.4308
3.3952
3.3936
3.4428
3.402
3.3512
3.3596
3.356
3.3788
3.4176
3.4448
3.4572
3.4048
3.468
3.4384
3.4204
3.4496
3.4556
3.452
3.46
3.4792
3.4384
3.5068
3.456
3.5052
3.428
3.4484
3.4132
3.4576
3.4268
3.4204
3.4456
3.4472
3.4868
3.4796
3.4416
3.4152
3.4392
3.45
3.414
3.4636
3.4348
3.456
3.4588
3.5236
3.496
3.488
3.484
3.4288
3.4096
3.478
3.5152
3.5076
3.4648
3.39
3.442
3.406
3.4296
3.3964
3.4488
3.4076
3.4396
3.374
3.374
3.3548
3.3704
3.3308
3.3316
3.3064
3.2836
3.2828
3.2884
3.3056
3.2796
3.3504
3.318
3.3092
3.3076
3.296
3.3008
3.31
3.3048
3.248
3.2576
3.2628
3.276
3.2916
3.244
3.2736
3.3052
3.2836
3.3056
3.2988
3.3096
3.2812
3.2712
3.2868
3.2776
3.3092
3.3052
3.306
3.3132
3.2988
3.3116
3.3008
3.2824
3.2632
3.266
3.27
3.2792
3.3048
3.2916
3.3116
3.2884
3.2792
3.2288
3.2192
3.2076
3.1844
3.1936
3.196
3.1652
3.1896
3.2276
3.1952
3.204
3.1588
3.144
3.1224
3.1284
3.1516
3.168
3.1616
3.1476
3.0964
3.11
3.1236
3.1432
3.1388
3.1468
3.1444
3.1532
3.1408
3.1288
3.132
3.154
3.1248
3.2128
3.222
3.2176
3.2104
3.1648
3.194
3.2024
3.1824
3.1916
3.1992
3.1768
3.1668
3.1868
3.192
3.2076
3.2284
3.2152
3.18
3.1664
3.1432
3.206
3.1308
3.1688
3.1208
3.0744
3.0908
3.0844
3.084
3.0924
3.0908
3.1156
3.1428
3.0944
3.0948
3.1148
3.0924
3.1216
3.128
3.134
3.1428
3.15
3.136
3.1336
3.0632
3.0612
3.0904
3.0744
3.0944
3.062
3.0628
3.0456
3.02
3.0356
3.0348
3.0424
3.0056
2.9976
3.0012
2.9988
2.9992
2.9936
2.9904
2.9892
2.9748
3.016
2.9844
3.0044
2.9968
2.966
2.99
2.9644
2.9636
2.936
2.94
2.958
2.9772
2.9972
2.992
2.9656
2.9688
2.9948
2.9584
2.9424
2.968
2.9604
2.9828
2.9956
2.9928
2.9872
2.9796
2.98
2.956
2.9724
2.9972
3.0248
3.0236
3.0212
3.0228
2.9812
2.9812
3.0048
2.9928
2.9976
3.0044
3.0012
2.9788
2.9816
3.0012
3.0256
3.0128
3.0044
3.0128
3.0144
2.9956
3.0316
3.0236
3.0092
2.984
2.984
3.012
2.9944
2.9784
3.0064
3.0028
3.0052
2.9776
2.9764
2.9604
2.998
2.974
2.9988
3.022
3.0176
3.0464
3.048
3.0516
3.0456
3.0448
3.036
3.0376
3.0112
3.0432
3.0532
3.0412
3.0336
3.0348
3.0748
3.0972
3.0696
3.0892
3.0756
3.0504
3.0764
3.112
3.0904
3.0804
3.0264
3.0436
3.0192
3.0076
3.0112
3.0256
3.0484
3.05
3.0472
3.0148
2.9608
3.0032
3.0324
3.0312
3.0292
2.9752
2.9936
3
2.9756
2.9896
2.9868
3.0292
3.0052
2.9624
2.964
2.9572
2.9832
2.9572
2.9628
2.948
2.9628
2.9592
2.9576
2.9356
2.9188
2.8776
2.8744
2.8488
2.876
2.8604
2.8908
2.9048
2.9036
2.9156
2.9124
2.9056
2.8732
2.8648
2.9036
2.8796
2.9028
2.906
2.9048
2.9184
2.9236
2.94
2.9472
2.9628
2.9708
2.9356
2.964
2.9476
2.9596
2.9368
2.9392
2.9056
2.9344
2.9016
2.9328
2.9588
2.9528
2.9476
2.9328
2.9232
2.93
2.9388
2.9508
2.9188
2.9368
2.8956
2.9236
2.9572
2.936
2.9444
2.9128
2.9548
2.9288
2.9256
2.9556
3.0048
3.0152
2.992
2.9572
2.9676
2.9504
2.9244
2.9688
2.9684
2.9868
2.9716
3.02
2.9932
3.0096
2.9968
2.9672
2.9692
2.9568
2.9612
2.9688
3.0104
2.9836
2.9716
2.954
2.9832
2.99
2.9916
2.9868
2.9808
2.9784
2.98
2.9612
2.9496
2.9744
2.948
2.9572
2.9372
2.94
2.9448
2.934
2.956
2.9268
2.9212
2.9136
2.9328
2.9044
2.9052
2.888
2.882
2.8848
2.918
2.912
2.9004
2.8776
